-0.67 5.29
0.015 4.407
0.401 3.911
0.876 3.299
0.434 3.868
-0.769 5.417
0.311 4.026
-0.917 5.608
0.622 3.627
-1.109 5.856
0.738 3.476
-1.346 6.161
-0.439 4.992
-0.448 5.004
0.426 3.879
0.071 4.335
-1.047 5.776
0.959 3.192
-0.845 5.516
-1.271 6.064
0.661 3.576
-0.581 5.175
-0.614 5.218
-0.106 4.564
-1.669 6.577
-0.799 5.457
0.599 3.655
1.324 2.722
1.202 2.878
0.814 3.379
1.755 2.167
1.988 1.867
-0.094 4.548
-1.041 5.768
-0.171 4.648
-0.841 5.51
0.06 4.35
0.709 3.513
-0.416 4.963
0.074 4.331
-0.339 4.863
-0.327 4.848
0.984 3.16
-0.279 4.786
0.193 4.179
-3.351 8.744
-1.647 6.549
0.538 3.735
1.345 2.694
1.314 2.735
