-0.736 2.78
-0.505 2.94
0.656 3.743
-1.347 2.357
-0.779 2.75
-1.272 2.41
0.582 3.692
1.388 4.25
-1.224 2.443
-1.137 2.503
-0.554 2.906
0.516 3.646
1.145 4.081
0.429 3.586
0.855 3.881
-0.902 2.666
0.793 3.838
0.291 3.491
-0.708 2.799
-2.28 1.712
0.414 3.576
0.381 3.553
0.242 3.457
0.346 3.529
0.814 3.852
0.438 3.592
0.21 3.435
-0.293 3.086
-0.717 2.793
-0.65 2.84
-0.554 2.906
0.331 3.518
0.309 3.503
1.135 4.074
-0.514 2.934
-0.932 2.645
1.546 4.359
0.425 3.583
-1.717 2.102
-0.316 3.071
1.109 4.057
-0.224 3.135
1.811 4.542
0.981 3.968
-1.203 2.458
-1.515 2.242
-0.267 3.105
0.152 3.395
0.69 3.767
-0.155 3.182
