-0.287 1
1.159 1
-1.689 1
-1.11 1
0.481 1
-2.207 1
-0.396 1
-0.362 1
-2.389 1
-0.406 1
1.589 1
-2.798 1
1.164 1
2.733 1
-0.046 1
-0.381 1
1.275 1
1.917 1
3.462 1
-3.601 1
0.792 1
-3.949 1
-0.352 1
1.575 1
-0.604 1
-1.791 1
-0.884 1
-2.992 1
-1.236 1
0.202 1
-1.373 1
1.2 1
-0.696 1
-3.319 1
-2.903 1
-0.131 1
0.445 1
0.387 1
-0.934 1
0.865 1
2.377 1
1.438 1
0.648 1
-0.932 1
0.218 1
-0.46 1
0.181 1
-1.422 1
-2.365 1
1.044 1
2.66 2
2.464 2
1.148 2
0.782 2
-2.245 2
-6.131 2
-4.864 2
-6.738 2
2.659 2
1.099 2
-6.826 2
1.485 2
-3.125 2
-0.41 2
0.537 2
1.801 2
1.681 2
-5.869 2
-3.457 2
-2.721 2
5.222 2
-6.393 2
-6.513 2
-0.365 2
-1.284 2
-11.417 2
3.898 2
2.574 2
2.822 2
-4.387 2
-2.175 2
-3.584 2
4.296 2
-2.649 2
-5.239 2
1.583 2
-0.234 2
1.411 2
-2.771 2
-3.342 2
7.181 2
6.213 2
0.352 2
1.381 2
-2.923 2
3.551 2
-6.165 2
-3.761 2
-4.399 2
2.299 2
