-7.813 1
-5.496 1
0.441 1
-3.615 1
-4.746 1
6.227 1
-4.88 1
1.166 1
-2.183 1
3.187 1
-3.687 1
0.906 1
1.387 1
-3.54 1
-4.707 1
4.083 1
6.261 1
5.32 1
-1.313 1
1.31 1
-2.084 1
3.268 1
-6.585 1
4.61 1
-2.853 1
-0.526 1
1.934 1
-4.806 1
0.261 1
4.199 1
4.654 1
-1.797 1
-2.444 1
2.965 1
-9.926 1
-2.246 1
-7.453 1
2.822 1
-0.639 1
-3.529 1
-0.653 1
5.539 1
11.195 1
5.476 1
-6.861 1
-2.428 1
-0.053 1
-0.482 1
-0.673 1
-1.078 1
0.79 2
-3.612 2
-1.567 2
-1.097 2
-5.438 2
-9.075 2
-8.112 2
4.851 2
5.538 2
-2.428 2
-3.671 2
-2.276 2
-6.843 2
-5.181 2
6.728 2
2.745 2
3.945 2
4.843 2
1.865 2
-4.188 2
-4.683 2
4.64 2
7.192 2
10.002 2
6.789 2
0.665 2
-1.399 2
-3.439 2
3.108 2
0.315 2
-7.168 2
0.548 2
3.959 2
-7.994 2
5.589 2
-4.041 2
0.709 2
-3.756 2
0.11 2
-0.385 2
1.675 2
-0.113 2
-1.711 2
-4.42 2
-2.24 2
2.505 2
-1.095 2
-4.449 2
-6.431 2
-1.686 2
