-5.429 1
-5.489 1
1.353 1
-6.373 1
2.074 1
2.159 1
-3.938 1
3.323 1
0.469 1
-5.271 1
3.673 1
3.723 1
-4.465 1
1.818 1
1.611 1
-0.223 1
10.472 1
0.655 1
1.07 1
4.674 1
2.02 1
-0.834 1
1.903 1
1.478 1
-2.649 1
-2.288 1
2.941 1
2.488 1
2.588 1
-3.559 1
-2.875 1
-5.56 1
-1.549 1
-3.236 1
-5.069 1
1.169 1
3.962 1
-1.177 1
-4.49 1
-2.018 1
-3.964 1
-2.992 1
0.863 1
-2.824 1
-1.607 1
-3.012 1
2.098 1
-1.974 1
-4.803 1
2.311 1
-1.865 2
-2.939 2
-3.056 2
1.784 2
-1.1 2
1.16 2
-4.797 2
-0.1 2
-2.122 2
2.466 2
-0.497 2
-1.455 2
-2.067 2
-0.985 2
3.229 2
-4.208 2
3.055 2
5.197 2
-5.339 2
-3.267 2
2.52 2
5.435 2
-1.377 2
-0.11 2
-10.537 2
-3.275 2
3.31 2
-0.771 2
-6.715 2
2.23 2
-3.571 2
-1.793 2
-1.73 2
2.021 2
-3.651 2
2.199 2
-0.617 2
4.394 2
0.605 2
-6.67 2
2.824 2
-5.69 2
-4.591 2
3.901 2
2.31 2
1.843 2
0.36 2
1.345 2
-5.721 2
-3.81 2
