-0.53 -0.444
-0.173 -0.656
-0.27 -0.464
-1.323 -0.219
-0.292 -0.179
0.129 -1.042
-0.39 -0.125
-0.0 0.874
0.254 -0.594
0.812 0.263
-0.66 0.332
0.586 -1.394
-0.753 1.298
0.896 1.3
2.145 -1.033
0.847 -0.11
-0.527 -1.24
-1.541 0.436
1.265 0.237
-1.336 -1.296
-0.318 -1.19
-0.518 0.408
-0.245 -0.281
0.179 -1.265
1.31 0.001
-0.513 -0.957
1.252 -0.096
1.465 0.843
-0.033 -0.975
0.306 -0.359
-0.112 0.65
1.244 -0.655
0.451 -0.367
-1.467 0.645
-1.006 -1.15
-0.527 0.253
-0.452 -2.204
0.796 0.115
1.192 0.045
-0.895 -1.534
-0.134 0.464
-2.198 -0.379
-1.183 -0.343
0.281 -1.501
-0.964 0.177
-2.5 -0.803
-0.049 0.684
-1.276 -0.232
0.712 0.889
-0.632 0.496
