0.675 -1.054
-1.025 1.149
-0.207 -2.44
-1.449 0.564
0.797 -0.967
-0.428 0.056
-0.493 -0.732
-0.964 -1.371
-0.452 0.584
0.129 1.905
0.823 -1.06
0.575 0.117
0.464 0.659
0.399 -0.054
-0.147 1.66
0.634 -0.374
0.046 -0.003
0.18 0.069
0.286 -1.06
0.748 -0.936
-0.435 -0.528
0.007 0.495
0.868 0.108
-0.859 -0.475
-0.53 0.91
-0.435 0.664
0.507 0.697
0.724 0.965
-0.004 -0.131
-1.98 1.048
0.674 0.491
-0.549 0.597
1.541 -0.14
0.441 0.761
-0.364 -1.031
-0.004 -1.699
-0.105 0.223
0.719 0.065
1.034 0.762
0.715 -1.039
-0.357 0.188
0.868 1.495
-0.671 1.979
0.938 0.37
1.601 0.2
-1.014 -0.943
1.326 -1.428
1.496 0.126
-0.336 1.313
1.451 -0.83
