-0.953 1.979
0.23 1.398
-0.561 -0.435
-1.068 0.26
-0.452 -2.144
-0.049 0.538
1.678 0.62
-0.594 0.209
0.17 1.818
-0.091 0.649
0.509 -0.186
0.695 0.151
-1.009 0.552
-0.111 -0.619
-0.354 0.621
-0.66 -1.393
-0.886 -1.411
-2.541 -1.855
0.185 0.305
0.106 -0.238
0.893 0.739
2.231 -0.403
0.572 0.743
-0.178 0.254
0.226 0.78
1.668 -0.982
-0.079 -0.077
-0.548 3.236
0.991 -0.515
-0.733 0.035
0.182 0.652
-0.774 0.733
-0.163 -2.313
1.089 0.244
-1.522 -1.966
1.175 -0.806
-0.5 0.726
0.243 0.402
1.806 2.782
0.161 0.209
-0.26 1.163
0.077 1.919
0.266 0.315
0.617 -0.326
0.532 0.323
-1.146 0.127
-0.121 -0.717
0.386 -3.119
0.919 1.262
1.56 1.188
