-0.807 1
-0.353 1
0.319 1
-0.159 1
-1.228 1
1.398 1
0.652 1
0.913 1
1.908 1
-2.693 1
-0.416 1
0.881 1
-0.769 1
0.639 1
-0.44 1
0.434 1
-0.326 1
-0.771 1
0.858 1
-1.726 1
0.473 1
-0.814 1
-0.104 1
-1.238 1
1.413 1
-0.127 1
-1.396 1
0.232 1
1.264 1
-0.122 1
-1.57 1
-3.144 1
-1.679 1
1.059 1
-0.099 1
0.579 1
0.708 1
-1.022 1
-0.908 1
-0.861 1
0.936 1
0.411 1
-1.198 1
0.115 1
1.094 1
0.001 1
0.528 1
0.343 1
-1.363 1
-1.218 1
3.03 2
-1.058 2
-3.432 2
-2.09 2
-0.53 2
-1.771 2
0.273 2
-0.428 2
1.719 2
2.659 2
3.635 2
-2.219 2
-2.876 2
3.385 2
0.078 2
2.07 2
3.107 2
4.009 2
-0.053 2
1.079 2
4.059 2
-1.568 2
4.208 2
-3.998 2
-2.893 2
7.733 2
-9.809 2
4.054 2
-0.366 2
3.166 2
-11.744 2
3.45 2
-1.678 2
4.152 2
3.355 2
-1.466 2
0.508 2
3.493 2
0.13 2
-0.015 2
1.295 2
-6.999 2
-4.21 2
2.474 2
5.766 2
-3.401 2
-3.726 2
2.462 2
-2.488 2
4.554 2
