2.154 1
0.46 1
2.844 1
-5.609 1
-1.003 1
-4.972 1
4.049 1
-3.246 1
0.793 1
1.831 1
-4.757 1
-3.124 1
-5.058 1
-1.806 1
4.11 1
7.96 1
0.34 1
-6.948 1
0.63 1
-1.199 1
3.506 1
-3.998 1
6.491 1
1.608 1
4.855 1
4.444 1
-2.723 1
-4.21 1
3.449 1
2.052 1
-0.876 1
0.844 1
2.568 1
-4.126 1
-0.742 1
1.221 1
5.012 1
7.718 1
2.797 1
0.765 1
1.895 1
4.202 1
1.652 1
2.838 1
-0.633 1
-0.483 1
-1.344 1
0.679 1
7.16 1
1.611 1
-7.14 2
2.403 2
-0.44 2
-0.436 2
-0.113 2
-1.057 2
0.943 2
2.17 2
-1.944 2
0.094 2
-1.454 2
2.468 2
0.912 2
-3.535 2
3.677 2
-0.052 2
1.193 2
-7.851 2
1.062 2
4.019 2
2.194 2
0.438 2
6.572 2
2.788 2
4.326 2
1.337 2
-6.916 2
-4.795 2
-3.555 2
1.377 2
-0.832 2
-2.315 2
9.171 2
7.174 2
-6.752 2
-0.466 2
-5.806 2
-5.739 2
5.776 2
-5.395 2
4.596 2
-1.04 2
-5.15 2
4.17 2
1.468 2
-0.141 2
-6.849 2
-6.487 2
5.036 2
-1.132 2
