-1.741 1
-2.95 1
-1.857 1
1.168 1
0.402 1
-2.228 1
-1.879 1
-0.783 1
1.08 1
0.479 1
-0.447 1
0.897 1
-1.758 1
1.22 1
-0.949 1
-0.427 1
-0.016 1
1.874 1
-0.518 1
0.825 1
-0.215 1
0.595 1
0.808 1
-0.12 1
-0.753 1
0.304 1
-0.653 1
-0.911 1
0.3 1
2.954 1
0.426 1
0.259 1
0.028 1
-1.621 1
0.022 1
0.323 1
-2.169 1
1.106 1
1.709 1
0.551 1
1.192 1
-0.354 1
-1.302 1
0.412 1
0.417 1
1.564 1
-0.828 1
0.585 1
-0.78 1
-1.216 1
-4.667 2
-6.281 2
-7.961 2
2.493 2
3.843 2
5.808 2
6.742 2
-3.109 2
-4.169 2
5.719 2
4.982 2
7.853 2
13.223 2
-5.476 2
4.953 2
-0.419 2
-7.192 2
-2.14 2
0.851 2
6.966 2
9.297 2
0.898 2
-3.235 2
4.112 2
-1.072 2
-9.218 2
7.142 2
-1.006 2
-7.262 2
-2.869 2
-4.029 2
3.191 2
-1.877 2
-1.97 2
8.69 2
2.082 2
-0.91 2
-9.625 2
2.677 2
1.301 2
6.593 2
-1.175 2
5.768 2
4.661 2
-0.329 2
0.661 2
-1.742 2
1.015 2
3.18 2
0.209 2
