-1.017 1
0.004 1
0.558 1
1.331 1
-1.35 1
0.503 1
-1.196 1
-0.287 1
-0.615 1
0.314 1
0.545 1
-0.256 1
0.903 1
0.224 1
-1.176 1
1.507 1
0.042 1
0.266 1
-0.478 1
-0.557 1
-2.116 1
0.231 1
-0.042 1
0.112 1
-1.543 1
0.156 1
-0.24 1
-0.398 1
-1.268 1
-1.304 1
-0.28 1
-1.917 1
-2.106 1
1.409 1
0.858 1
-0.415 1
0.005 1
-0.812 1
0.137 1
-0.721 1
0.461 1
-1.921 1
-0.63 1
1.129 1
1.367 1
-0.645 1
0.924 1
-0.148 1
1.055 1
-0.423 1
9.692 2
1.382 2
-6.386 2
6.693 2
-1.212 2
-3.335 2
-6.732 2
3.726 2
-4.895 2
7.834 2
5.222 2
-1.18 2
-4.759 2
3.952 2
-8.409 2
0.765 2
11.517 2
12.29 2
8.165 2
-2.386 2
0.055 2
-0.032 2
3.915 2
-7.595 2
0.784 2
-1.745 2
5.183 2
0.13 2
2.834 2
1.227 2
-5.579 2
9.121 2
1.285 2
2.074 2
-3.728 2
-2.909 2
-3.798 2
0.004 2
1.029 2
1.374 2
-7.716 2
5.431 2
2.918 2
1.147 2
-2.639 2
4.55 2
-1.504 2
-3.55 2
6.425 2
2.738 2
