7.544 1
-2.543 1
-0.329 1
-3.951 1
-2.183 1
-1.781 1
0.348 1
1.121 1
-1.251 1
-2.181 1
3.012 1
-2.111 1
4.85 1
0.311 1
-1.052 1
-0.675 1
-2.091 1
1.672 1
-1.71 1
5.569 1
-0.037 1
-0.65 1
-1.127 1
-1.444 1
-2.266 1
-3.107 1
2.621 1
-3.438 1
0.225 1
-1.408 1
3.187 1
-1.259 1
4.563 1
0.886 1
0.092 1
-0.404 1
-2.807 1
-0.744 1
-4.823 1
5.188 1
-1.926 1
1.865 1
1.327 1
1.08 1
-2.231 1
-6.427 1
-3.514 1
-4.438 1
1.28 1
-3.293 1
-1.509 2
0.949 2
-0.849 2
1.715 2
6.703 2
1.709 2
3.959 2
-2.848 2
-1.11 2
-3.419 2
1.543 2
-0.78 2
-2.294 2
3.317 2
-0.641 2
-1.087 2
-0.387 2
-0.829 2
-1.702 2
-0.135 2
4.827 2
2.276 2
-4.808 2
2.179 2
-1.422 2
0.633 2
-3.005 2
-3.786 2
2.276 2
2.191 2
-1.601 2
-2.151 2
3.651 2
-0.78 2
0.102 2
-2.486 2
1.346 2
-3.337 2
5.586 2
-1.767 2
-2.275 2
1.369 2
0.439 2
-1.015 2
2.836 2
3.581 2
4.145 2
6.969 2
-2.07 2
1.778 2
