-0.242 1
0.245 1
-2.205 1
-0.069 1
0.269 1
-2.353 1
0.569 1
1.514 1
-0.539 1
1.775 1
-0.221 1
-0.146 1
-0.344 1
3.154 1
0.577 1
-1.111 1
0.545 1
-0.794 1
-0.587 1
-0.302 1
0.397 1
-0.758 1
1.164 1
1.044 1
1.076 1
0.988 1
0.935 1
0.9 1
-0.624 1
0.363 1
1.531 1
-0.002 1
0.942 1
0.269 1
0.373 1
0.275 1
1.346 1
1.623 1
0.789 1
0.023 1
0.203 1
-0.87 1
1.932 1
0.233 1
0.215 1
0.276 1
-0.207 1
-0.464 1
-2.357 1
1.979 1
1.256 2
-2.376 2
1.121 2
-1.224 2
-0.427 2
-0.766 2
-3.722 2
1.459 2
-1.749 2
-3.437 2
-3.799 2
0.843 2
2.736 2
7.139 2
2.552 2
-1.953 2
-1.286 2
-0.333 2
-5.173 2
10.343 2
1.466 2
-1.428 2
-4.572 2
5.311 2
3.628 2
6.778 2
4.259 2
-3.604 2
0.999 2
5.203 2
0.835 2
-0.77 2
-2.83 2
-4.99 2
-3.311 2
3.172 2
-3.822 2
3.485 2
1.838 2
-1.684 2
-8.431 2
-0.788 2
-0.592 2
-2.848 2
-4.389 2
-1.063 2
7.359 2
0.867 2
-2.855 2
0.188 2
