-1.259 1
-1.45 1
1.072 1
1.907 1
1.765 1
-0.053 1
1.261 1
-2.123 1
1.536 1
-0.921 1
-0.279 1
0.416 1
1.166 1
-0.85 1
-2.14 1
0.536 1
0.144 1
2.084 1
2.133 1
-0.409 1
-0.472 1
0.022 1
1.263 1
-1.027 1
1.804 1
0.412 1
-1.236 1
-0.026 1
1.499 1
-0.698 1
1.151 1
-1.896 1
-0.076 1
-3.546 1
-3.986 1
1.344 1
0.414 1
0.311 1
1.749 1
1.731 1
-1.757 1
-0.232 1
0.416 1
-0.435 1
-0.263 1
-3.796 1
-2.127 1
-0.059 1
-2.026 1
-0.399 1
5.521 2
-1.809 2
7.054 2
3.781 2
1.797 2
0.159 2
-3.438 2
1.051 2
-7.448 2
-2.543 2
-3.742 2
0.502 2
-6.404 2
-8.395 2
5.159 2
12.054 2
-2.821 2
-1.474 2
0.843 2
2.321 2
-2.853 2
4.914 2
5.878 2
0.465 2
4.082 2
0.148 2
2.803 2
-3.158 2
1.955 2
-3.179 2
-1.175 2
5.218 2
1.746 2
5.214 2
0.418 2
3.153 2
-4.28 2
-2.461 2
-0.219 2
-6.825 2
0.114 2
4.07 2
5.823 2
2.243 2
6.046 2
0.059 2
5.66 2
2.325 2
-7.081 2
-1.185 2
